R	20
E	10
Q	23100

pr 20
0.360	0.215	0.352	1.210	0.783	2.300	24.000	0.359	1.240	0.360	0.405	1.379	0.360	17.300	0.625	20.000	0.430	0.457	0.739	1.796	

ur 20
94.000	94.000	90.000	100.000	94.000	100.000	60.000	94.000	94.000	94.000	94.000	94.000	94.000	100.000	94.000	90.000	94.000	94.000	94.000	94.000	

beta_min 10
0.000	0.000	0.000	0.000	0.000	0.000	0.000	0.000	0.000	0.000	

beta_max 10
0.286	0.800	0.600	0.037	0.045	0.433	0.424	0.191	0.300	0.030	

matrice teta_e^r  20 10
0.0038	0.1189	0.0545	0.0040	0.0024	0.0446	0.0349	0.0086	0.0485	0.0009	
0.2700	0.9000	0.4000	0.0220	0.0180	0.3300	0.2500	0.0600	0.1800	0.0010	
99.0000	0.0000	0.0000	0.0000	0.0000	0.0000	0.0000	0.0000	0.0000	0.0000	
1.8000	67.0000	17.0000	0.2000	0.0000	0.0000	0.0000	0.0000	0.0000	0.0000	
0.3246	0.3915	0.7667	0.0096	0.0014	5.6123	0.1972	1.1000	0.1531	0.4676	
0.0250	0.0000	99.5000	0.0100	0.0150	0.0000	0.0000	0.0000	0.0000	0.0000	
0.0000	0.1500	0.0000	0.0000	0.0000	0.0000	0.0000	0.0000	0.0000	0.0000	
0.2000	1.2000	0.2000	0.0150	0.0080	1.1500	0.1500	0.0800	0.2000	0.0050	
0.0522	0.9371	0.2533	0.0354	0.0020	14.2392	3.8210	0.2765	2.7993	0.0213	
0.5030	0.8186	0.4580	0.0085	0.0016	0.1983	0.1175	0.0550	0.1762	0.0105	
0.0200	0.2000	0.2000	0.0020	0.0010	0.0300	0.0300	0.0100	0.0300	0.0000	
0.1000	0.6500	0.2500	0.0100	0.0080	0.2000	9.0000	0.1000	0.1500	0.0010	
0.1200	0.2000	0.2000	0.0180	0.0250	0.1100	0.1000	0.0100	0.2750	0.0010	
0.0000	0.0000	0.0000	0.0000	0.0000	0.0000	99.8000	0.0000	0.0000	0.0000	
0.2640	0.5240	0.2500	0.0070	0.0020	0.8470	3.0520	0.4230	0.1430	0.0300	
0.0000	0.0000	0.8000	0.0000	0.0000	0.0000	0.0000	0.0000	0.0000	80.5000	
0.0200	0.2000	0.2000	0.0020	0.0010	0.0300	0.0300	0.0100	0.0300	0.0000	
0.1510	0.6560	0.0000	0.0060	0.0020	1.4300	0.5000	0.9000	0.2580	0.0000	
0.1562	0.5471	0.2062	0.0066	0.0011	2.2311	0.1798	0.9916	0.1388	0.0456	
0.1370	0.7000	0.0000	0.0060	0.0030	0.0570	3.0330	3.2720	0.1600	0.0000	


z_max	6740.3605
r	9
e	6
