R	20
E	10
Q	21900

pr 20
0.330	0.215	0.345	3.000	0.707	24.000	3.593	0.359	0.652	0.360	0.405	1.379	0.360	3.600	0.625	35.000	0.430	0.457	0.739	1.030	

ur 20
94.000	94.000	94.000	100.000	94.000	60.000	80.000	94.000	94.000	94.000	94.000	94.000	94.000	50.000	94.000	98.000	94.000	94.000	94.000	94.000	

beta_min 10
0.000	0.000	0.000	0.000	0.000	0.000	0.000	0.000	0.000	0.000	

beta_max 10
0.289	1.000	0.570	0.032	0.036	0.434	0.433	0.200	0.300	0.024	

matrice teta_e^r  20 10
3.0000	0.7000	0.3000	0.0520	0.0360	0.0500	0.0500	0.0500	0.1500	0.0010	
0.2700	0.9000	0.4000	0.0220	0.0180	0.3300	0.2500	0.0600	0.1800	0.0010	
0.1200	0.2000	0.2000	0.0180	0.0250	0.1100	0.1000	0.0300	0.4500	0.0010	
0.0000	0.0000	0.0000	0.0000	0.0000	0.0000	0.0000	0.0000	0.5000	0.0000	
0.3162	0.3978	0.2293	0.0076	0.0013	3.0707	0.2256	0.9279	0.1259	0.1887	
0.0000	0.1500	0.0000	0.0000	0.0000	0.0000	0.0000	0.0000	0.0000	0.0000	
0.2000	0.0000	52.0000	0.0400	0.0250	0.0000	0.0000	0.0000	0.0000	0.0000	
0.2000	1.2000	0.2000	0.0150	0.0080	1.1500	0.1500	0.0800	0.2000	0.0050	
0.5500	17.4200	0.0000	0.0510	0.0060	5.1000	0.8300	0.1600	0.1200	0.0000	
0.5030	0.8186	0.4580	0.0085	0.0016	0.1983	0.1175	0.0550	0.1762	0.0105	
0.0200	0.2000	0.2000	0.0020	0.0010	0.0300	0.0300	0.0100	0.0300	0.0000	
0.1000	0.6500	0.2500	0.0100	0.0080	0.2000	9.0000	0.1000	0.1500	0.0010	
0.1200	0.2000	0.2000	0.0180	0.0250	0.1100	0.1000	0.0100	0.2750	0.0010	
0.0000	0.0000	60.0000	0.0000	0.0000	0.0000	0.0000	0.0000	0.0000	0.0000	
0.2640	0.5240	0.2500	0.0070	0.0020	0.8470	3.0520	0.4230	0.1430	0.0300	
0.0000	0.0000	1.2000	0.0000	0.0000	0.0000	0.0000	69.0000	0.3000	0.0000	
0.0200	0.2000	0.2000	0.0020	0.0010	0.0300	0.0300	0.0100	0.0300	0.0000	
0.1510	0.6560	0.0000	0.0060	0.0020	1.4300	0.5000	0.9000	0.2580	0.0000	
0.1562	0.5471	0.2062	0.0066	0.0011	2.2311	0.1798	0.9916	0.1388	0.0456	
0.0288	0.9026	0.3154	0.0202	0.0019	12.3660	4.6385	0.7777	0.1600	0.0422	


z_max	4735.1511
r	3
e	5
