R	20
E	10
Q	22600

pr 20
0.360	0.215	1.950	2.200	24.000	0.535	0.865	3.450	3.000	0.405	0.359	1.379	2.720	0.707	1.796	0.739	0.562	1.240	0.457	0.783	

ur 20
94.000	94.000	80.000	100.000	60.000	100.000	94.000	100.000	100.000	94.000	94.000	94.000	90.000	94.000	94.000	94.000	94.000	94.000	94.000	94.000	

beta_min 10
0.000	0.000	0.000	0.000	0.000	0.000	0.000	0.000	0.000	0.000	

beta_max 10
0.240	1.000	0.531	0.032	0.044	0.473	0.400	0.175	0.300	0.024	

matrice teta_e^r  20 10
0.0038	0.1189	0.0545	0.0040	0.0024	0.0446	0.0349	0.0086	0.0485	0.0009	
0.2700	0.9000	0.4000	0.0220	0.0180	0.3300	0.2500	0.0600	0.1800	0.0010	
0.0000	0.0000	0.0000	0.0000	99.0000	0.0000	0.0000	0.0000	0.0000	0.0000	
8.0000	0.0000	0.5000	0.0300	0.0000	65.0000	0.0000	0.0000	0.0000	0.0000	
0.0000	0.1500	0.0000	0.0000	0.0000	0.0000	0.0000	0.0000	0.0000	0.0000	
96.0000	0.0000	0.0000	0.0000	0.0000	0.0000	0.0000	0.0000	0.0000	0.0000	
0.0500	1.3000	0.1800	0.0100	0.0030	0.6900	2.0000	0.4400	1.2000	0.0300	
0.0750	0.0000	0.5000	0.0300	0.0000	70.0000	0.0000	0.0000	0.0000	0.0000	
0.0000	0.0000	0.0000	0.0000	0.0000	0.0000	0.0000	0.0000	0.5000	0.0000	
0.0200	0.2000	0.2000	0.0020	0.0010	0.0300	0.0300	0.0100	0.0300	0.0000	
0.2000	1.2000	0.2000	0.0150	0.0080	1.1500	0.1500	0.0800	0.2000	0.0050	
0.1000	0.6500	0.2500	0.0100	0.0080	0.2000	9.0000	0.1000	0.1500	0.0010	
0.0500	90.0000	0.5000	0.0400	0.0000	0.0000	0.0000	0.0000	0.0000	0.0000	
0.5527	0.8189	0.2476	0.0091	0.0014	1.0494	1.5669	0.4722	0.2481	0.0771	
0.1370	0.7000	0.0000	0.0060	0.0030	0.0570	3.0330	3.2720	0.1600	0.0000	
0.1562	0.5471	0.2062	0.0066	0.0011	2.2311	0.1798	0.9916	0.1388	0.0456	
0.2880	1.4992	0.4062	0.0110	0.0014	1.5257	0.3644	0.4520	0.2884	0.0656	
0.0522	0.9371	0.2533	0.0354	0.0020	14.2392	3.8210	0.2765	2.7993	0.0213	
0.1510	0.6560	0.0000	0.0060	0.0020	1.4300	0.5000	0.9000	0.2580	0.0000	
0.3246	0.3915	0.7667	0.0096	0.0014	5.6123	0.1972	1.1000	0.1531	0.4676	


z_max	6935.5979
r	16
e	5
