R	20
E	10
Q	20900

pr 20
0.360	0.420	1.268	2.179	1.210	1.420	0.215	0.783	0.625	4.100	0.359	1.240	0.360	788.000	1.379	0.360	0.352	0.330	0.900	2.720	

ur 20
94.000	50.000	94.000	100.000	100.000	100.000	94.000	94.000	94.000	96.000	94.000	94.000	94.000	100.000	94.000	94.000	90.000	94.000	100.000	90.000	

beta_min 10
0.130	0.300	0.150	0.000	0.000	0.000	0.000	0.000	0.000	0.000	

beta_max 10
0.180	0.540	0.310	0.024	0.030	0.160	0.199	0.000	0.265	0.000	

matrice teta_e^r  20 10
0.0038	0.1189	0.0545	0.0040	0.0024	0.0446	0.0349	0.0086	0.0485	0.0009	
3.0000	0.7000	0.0000	0.0520	0.0360	0.0000	0.0000	0.0000	0.0000	0.0000	
0.0000	0.0000	0.0000	0.0600	0.0000	0.0000	0.0000	0.0000	15.0000	0.0000	
0.0000	0.0000	0.0500	0.0000	0.0000	0.0000	0.0000	0.0000	0.0000	0.0000	
1.8000	67.0000	17.0000	0.2000	0.0000	0.0000	0.0000	0.0000	0.0000	0.0000	
0.0000	0.0000	76.0000	0.0000	0.0000	0.0000	0.0000	0.0000	0.0000	0.0000	
0.2700	0.9000	0.4000	0.0220	0.0180	0.3300	0.2500	0.0600	0.1800	0.0010	
0.3246	0.3915	0.7667	0.0096	0.0014	5.6123	0.1972	1.1000	0.1531	0.4676	
0.2640	0.5240	0.2500	0.0070	0.0020	0.8470	3.0520	0.4230	0.1430	0.0300	
0.0500	0.0000	1.0000	0.0200	0.0000	63.0000	0.0000	0.0000	0.0000	0.0500	
0.2000	1.2000	0.2000	0.0150	0.0080	1.1500	0.1500	0.0800	0.2000	0.0050	
0.0522	0.9371	0.2533	0.0354	0.0020	14.2392	3.8210	0.2765	2.7993	0.0213	
0.5030	0.8186	0.4580	0.0085	0.0016	0.1983	0.1175	0.0550	0.1762	0.0105	
0.0100	0.0000	76.0000	0.0000	0.0000	0.0000	0.0000	0.0000	0.0000	0.0000	
0.1000	0.6500	0.2500	0.0100	0.0080	0.2000	9.0000	0.1000	0.1500	0.0010	
0.1200	0.2000	0.2000	0.0180	0.0250	0.1100	0.1000	0.0300	0.3000	0.0010	
99.0000	0.0000	0.0000	0.0000	0.0000	0.0000	0.0000	0.0000	0.0000	0.0000	
3.0000	0.7000	0.3000	0.0520	0.0360	0.0500	0.0500	0.0500	0.1500	0.0010	
99.0000	0.0000	0.0000	0.0000	0.0000	0.0000	0.0000	0.0000	0.0000	0.0000	
0.0500	90.0000	0.5000	0.0400	0.0000	0.0000	0.0000	0.0000	0.0000	0.0000	


z_max	42302.6384
r	4
e	7
