R	20
E	10
Q	25800

pr 20
0.420	0.420	1.268	2.179	1.210	1.420	0.215	0.707	0.625	4.100	0.359	0.652	0.360	788.000	1.379	0.360	0.352	0.410	0.900	2.720	

ur 20
50.000	94.000	94.000	100.000	100.000	100.000	94.000	94.000	94.000	96.000	94.000	94.000	94.000	100.000	94.000	94.000	90.000	94.000	100.000	90.000	

beta_min 10
0.000	0.800	0.150	0.000	0.000	0.000	0.000	0.000	0.000	0.000	

beta_max 10
0.200	1.600	0.600	0.035	0.035	0.000	0.000	0.350	0.350	0.100	

matrice teta_e^r  20 10
3.0000	0.7000	0.0000	0.0520	0.0360	0.0000	0.0000	0.0000	0.0000	0.0000	
4.2500	0.4760	0.0000	0.0400	0.0290	0.0100	0.0100	0.0100	0.0100	0.0000	
0.0000	0.0000	0.0000	0.0600	0.0000	0.0000	0.0000	0.0000	15.0000	0.0000	
0.0000	0.0000	0.0500	0.0000	0.0000	0.0000	0.0000	0.0000	0.0000	0.0000	
1.8000	67.0000	17.0000	0.2000	0.0000	0.0000	0.0000	0.0000	0.0000	0.0000	
0.0000	0.0000	76.0000	0.0000	0.0000	0.0000	0.0000	0.0000	0.0000	0.0000	
0.2700	0.9000	0.4000	0.0220	0.0180	0.3300	0.2500	0.0600	0.1800	0.0010	
0.3162	0.3978	0.2293	0.0076	0.0013	3.0707	0.2256	0.9279	0.1259	0.1887	
0.2640	0.5240	0.2500	0.0070	0.0020	0.8470	3.0520	0.4230	0.1430	0.0300	
0.0500	0.0000	1.0000	0.0200	0.0000	63.0000	0.0000	0.0000	0.0000	0.0500	
0.2000	1.2000	0.2000	0.0150	0.0080	1.1500	0.1500	0.0800	0.2000	0.0050	
0.5500	17.4200	0.0000	0.0510	0.0060	5.1000	0.8300	0.1600	0.1200	0.0000	
0.5030	0.8186	0.4580	0.0085	0.0016	0.1983	0.1175	0.0550	0.1762	0.0105	
0.0100	0.0000	76.0000	0.0000	0.0000	0.0000	0.0000	0.0000	0.0000	0.0000	
0.1000	0.6500	0.2500	0.0100	0.0080	0.2000	9.0000	0.1000	0.1500	0.0010	
0.1200	0.2000	0.2000	0.0180	0.0250	0.1100	0.1000	0.0300	0.3000	0.0010	
99.0000	0.0000	0.0000	0.0000	0.0000	0.0000	0.0000	0.0000	0.0000	0.0000	
1.6000	0.0500	0.0000	0.0090	0.0080	0.0300	0.0500	0.0200	0.0400	0.0000	
99.0000	0.0000	0.0000	0.0000	0.0000	0.0000	0.0000	0.0000	0.0000	0.0000	
0.0500	90.0000	0.5000	0.0400	0.0000	0.0000	0.0000	0.0000	0.0000	0.0000	


z_max	73211.4585
r	19
e	1
