R	20
E	10
Q	27900

pr 20
0.420	0.410	2.179	1.210	1.420	1.950	0.360	0.707	0.625	9.952	0.359	0.652	0.330	3.000	1.379	0.360	0.352	0.410	0.900	8.450	

ur 20
50.000	94.000	100.000	100.000	100.000	80.000	94.000	94.000	94.000	80.000	94.000	94.000	70.000	100.000	94.000	94.000	90.000	94.000	100.000	98.000	

beta_min 10
0.270	0.500	0.000	0.000	0.020	0.000	0.000	0.000	0.000	0.000	

beta_max 10
0.340	0.800	0.400	0.035	0.040	0.400	0.400	0.100	0.000	0.000	

matrice teta_e^r  20 10
3.0000	0.7000	0.0000	0.0520	0.0360	0.0000	0.0000	0.0000	0.0000	0.0000	
0.0500	0.1800	0.0000	0.0180	0.0120	0.0300	0.0300	0.0100	0.0200	0.0000	
0.0000	0.0000	0.0500	0.0000	0.0000	0.0000	0.0000	0.0000	0.0000	0.0000	
1.8000	67.0000	17.0000	0.2000	0.0000	0.0000	0.0000	0.0000	0.0000	0.0000	
0.0000	0.0000	76.0000	0.0000	0.0000	0.0000	0.0000	0.0000	0.0000	0.0000	
0.0000	0.0000	0.0000	0.0000	99.0000	0.0000	0.0000	0.0000	0.0000	0.0000	
0.5030	0.8186	0.4580	0.0085	0.0016	0.1983	0.1175	0.0550	0.1762	0.0105	
0.3162	0.3978	0.2293	0.0076	0.0013	3.0707	0.2256	0.9279	0.1259	0.1887	
0.2640	0.5240	0.2500	0.0070	0.0020	0.8470	3.0520	0.4230	0.1430	0.0300	
0.1000	0.0000	52.0000	0.0000	0.0000	0.0000	0.0000	0.0000	0.0000	0.0000	
0.2000	1.2000	0.2000	0.0150	0.0080	1.1500	0.1500	0.0800	0.2000	0.0050	
0.5500	17.4200	0.0000	0.0510	0.0060	5.1000	0.8300	0.1600	0.1200	0.0000	
4.1900	0.4000	0.8000	0.0900	0.0320	0.0160	0.0600	0.0100	0.0150	0.0000	
0.0000	0.0000	0.0000	0.0000	0.0000	0.0000	0.0000	0.0000	0.5000	0.0000	
0.1000	0.6500	0.2500	0.0100	0.0080	0.2000	9.0000	0.1000	0.1500	0.0010	
0.1200	0.2000	0.2000	0.0180	0.0250	0.1100	0.1000	0.0300	0.3000	0.0010	
99.0000	0.0000	0.0000	0.0000	0.0000	0.0000	0.0000	0.0000	0.0000	0.0000	
1.6000	0.0500	0.0000	0.0090	0.0080	0.0300	0.0500	0.0200	0.0400	0.0000	
99.0000	0.0000	0.0000	0.0000	0.0000	0.0000	0.0000	0.0000	0.0000	0.0000	
0.0000	0.0000	0.0000	0.0000	0.0000	0.0000	0.0000	0.0000	99.0000	0.0000	


z_max	38801.1438
r	9
e	1
