R	20
E	10
Q	27100

pr 20
0.457	0.415	0.495	0.215	0.405	1.420	0.352	0.405	5.288	0.345	0.900	0.359	0.679	0.410	3.000	1.379	0.430	2.250	0.420	3.593	

ur 20
94.000	94.000	94.000	94.000	94.000	100.000	90.000	94.000	94.000	94.000	100.000	94.000	94.000	94.000	100.000	94.000	94.000	90.000	50.000	80.000	

beta_min 10
0.200	0.600	0.150	0.000	0.000	0.900	0.000	0.350	0.000	0.000	

beta_max 10
0.250	0.850	0.350	0.030	0.030	1.200	0.250	0.450	0.300	0.000	

matrice teta_e^r  20 10
0.1510	0.6560	0.0000	0.0060	0.0020	1.4300	0.5000	0.9000	0.2580	0.0000	
1.0800	11.5800	0.0000	0.0700	0.0180	1.1300	0.2500	0.0500	0.1050	0.0000	
0.0950	0.7750	0.0000	0.0160	0.0130	12.7100	0.7730	0.4200	0.0450	0.0000	
0.2700	0.9000	0.4000	0.0220	0.0180	0.3300	0.2500	0.0600	0.1800	0.0010	
0.0200	0.2000	0.2000	0.0020	0.0010	0.0300	0.0300	0.0100	0.0300	0.0000	
0.0000	0.0000	76.0000	0.0000	0.0000	0.0000	0.0000	0.0000	0.0000	0.0000	
99.0000	0.0000	0.0000	0.0000	0.0000	0.0000	0.0000	0.0000	0.0000	0.0000	
0.0200	0.2000	0.2000	0.0020	0.0010	0.0300	0.0300	0.0100	0.0300	0.0000	
0.0430	0.8300	0.0000	0.0250	0.0130	20.7500	39.9800	2.8600	1.1510	0.0000	
0.1200	0.2000	0.2000	0.0180	0.0250	0.1100	0.1000	0.0300	0.4500	0.0010	
99.0000	0.0000	0.0000	0.0000	0.0000	0.0000	0.0000	0.0000	0.0000	0.0000	
0.2000	1.2000	0.2000	0.0150	0.0080	1.1500	0.1500	0.0800	0.2000	0.0050	
0.1303	0.5101	0.2708	0.0149	0.0025	8.7780	0.3953	0.4994	0.1324	0.1890	
0.0500	0.1800	0.0000	0.0180	0.0120	0.0300	0.0300	0.0100	0.0200	0.0000	
0.0000	0.0000	0.0000	0.0000	0.0000	0.0000	0.0000	0.0000	0.5000	0.0000	
0.1000	0.6500	0.2500	0.0100	0.0080	0.2000	9.0000	0.1000	0.1500	0.0010	
0.0200	0.1600	0.0000	0.0050	0.0040	0.0300	0.0300	0.0100	0.0200	0.0000	
99.5000	0.0000	0.0000	0.0000	0.0000	0.0000	0.0000	0.0000	0.0000	0.0000	
3.0000	0.7000	0.0000	0.0520	0.0360	0.0000	0.0000	0.0000	0.0000	0.0000	
0.2000	0.0000	52.0000	0.0400	0.0250	0.0000	0.0000	0.0000	0.0000	0.0000	


z_max	7837.2599
r	1
e	10
