R	20
E	10
Q	24400

pr 20
0.415	0.495	0.215	0.405	0.352	0.410	0.783	1.268	3.593	0.359	2.071	0.360	3.000	1.379	0.360	3.600	0.420	0.900	2.720	0.457	

ur 20
94.000	94.000	94.000	94.000	90.000	94.000	94.000	94.000	80.000	94.000	94.000	94.000	100.000	94.000	94.000	50.000	94.000	100.000	90.000	94.000	

beta_min 10
0.330	0.600	0.150	0.000	0.000	0.800	0.000	0.000	0.000	0.000	

beta_max 10
0.379	0.760	0.350	0.028	0.040	1.027	0.200	0.060	0.280	0.000	

matrice teta_e^r  20 10
1.0800	11.5800	0.0000	0.0700	0.0180	1.1300	0.2500	0.0500	0.1050	0.0000	
0.0950	0.7750	0.0000	0.0160	0.0130	12.7100	0.7730	0.4200	0.0450	0.0000	
0.2700	0.9000	0.4000	0.0220	0.0180	0.3300	0.2500	0.0600	0.1800	0.0010	
0.0200	0.2000	0.2000	0.0020	0.0010	0.0300	0.0300	0.0100	0.0300	0.0000	
99.0000	0.0000	0.0000	0.0000	0.0000	0.0000	0.0000	0.0000	0.0000	0.0000	
0.0500	0.1800	0.0000	0.0180	0.0120	0.0300	0.0300	0.0100	0.0200	0.0000	
0.3246	0.3915	0.7667	0.0096	0.0014	5.6123	0.1972	1.1000	0.1531	0.4676	
0.0000	0.0000	0.0000	0.0600	0.0000	0.0000	0.0000	0.0000	15.0000	0.0000	
0.2000	0.0000	52.0000	0.0400	0.0250	0.0000	0.0000	0.0000	0.0000	0.0000	
0.2000	1.2000	0.2000	0.0150	0.0080	1.1500	0.1500	0.0800	0.2000	0.0050	
0.0570	1.2010	0.0000	0.0330	0.0060	23.5000	65.0000	3.5000	0.0870	0.0000	
0.5030	0.8186	0.4580	0.0085	0.0016	0.1983	0.1175	0.0550	0.1762	0.0105	
0.0000	0.0000	0.0000	0.0000	0.0000	0.0000	0.0000	0.0000	0.5000	0.0000	
0.1000	0.6500	0.2500	0.0100	0.0080	0.2000	9.0000	0.1000	0.1500	0.0010	
0.1200	0.2000	0.2000	0.0180	0.0250	0.1100	0.1000	0.0100	0.2750	0.0010	
0.0000	0.0000	60.0000	0.0000	0.0000	0.0000	0.0000	0.0000	0.0000	0.0000	
4.2500	0.4760	0.5000	0.0800	0.0290	0.0100	0.0100	0.0100	0.0100	0.0010	
99.0000	0.0000	0.0000	0.0000	0.0000	0.0000	0.0000	0.0000	0.0000	0.0000	
0.0500	90.0000	0.5000	0.0400	0.0000	0.0000	0.0000	0.0000	0.0000	0.0000	
0.1510	0.6560	0.0000	0.0060	0.0020	1.4300	0.5000	0.9000	0.2580	0.0000	


z_max	10046.8385
r	12
e	6
