R	20
E	10
Q	29500

pr 20
0.457	0.330	0.420	0.405	1.220	1.210	2.200	35.000	0.410	0.783	1.268	3.593	0.359	1.240	0.215	3.000	1.379	0.360	0.352	0.420	

ur 20
94.000	94.000	94.000	94.000	100.000	100.000	100.000	98.000	94.000	94.000	94.000	80.000	94.000	94.000	94.000	100.000	94.000	94.000	90.000	94.000	

beta_min 10
0.200	0.600	0.150	0.000	0.000	0.900	0.000	0.350	0.000	0.000	

beta_max 10
0.240	0.818	0.310	0.024	0.028	1.200	0.203	0.442	0.240	0.000	

matrice teta_e^r  20 10
0.1510	0.6560	0.0000	0.0060	0.0020	1.4300	0.5000	0.9000	0.2580	0.0000	
3.0000	0.7000	0.3000	0.0520	0.0360	0.0500	0.0500	0.0500	0.1500	0.0010	
4.2500	0.4760	0.0000	0.0400	0.0290	0.0100	0.0100	0.0100	0.0100	0.0000	
0.0200	0.2000	0.2000	0.0020	0.0010	0.0300	0.0300	0.0100	0.0300	0.0000	
6.5000	76.0000	0.0000	0.1500	0.0000	0.0000	0.0000	0.0000	0.0000	0.0000	
1.8000	67.0000	17.0000	0.2000	0.0000	0.0000	0.0000	0.0000	0.0000	0.0000	
8.0000	0.0000	0.5000	0.0300	0.0000	65.0000	0.0000	0.0000	0.0000	0.0000	
0.0000	0.0000	1.2000	0.0000	0.0000	0.0000	0.0000	69.0000	0.3000	0.0000	
0.0500	0.1800	0.0000	0.0180	0.0120	0.0300	0.0300	0.0100	0.0200	0.0000	
0.3246	0.3915	0.7667	0.0096	0.0014	5.6123	0.1972	1.1000	0.1531	0.4676	
0.0000	0.0000	0.0000	0.0600	0.0000	0.0000	0.0000	0.0000	15.0000	0.0000	
0.2000	0.0000	52.0000	0.0400	0.0250	0.0000	0.0000	0.0000	0.0000	0.0000	
0.2000	1.2000	0.2000	0.0150	0.0080	1.1500	0.1500	0.0800	0.2000	0.0050	
0.0522	0.9371	0.2533	0.0354	0.0020	14.2392	3.8210	0.2765	2.7993	0.0213	
0.2700	0.9000	0.4000	0.0220	0.0180	0.3300	0.2500	0.0600	0.1800	0.0010	
0.0000	0.0000	0.0000	0.0000	0.0000	0.0000	0.0000	0.0000	0.5000	0.0000	
0.1000	0.6500	0.2500	0.0100	0.0080	0.2000	9.0000	0.1000	0.1500	0.0010	
0.1200	0.2000	0.2000	0.0180	0.0250	0.1100	0.1000	0.0100	0.2750	0.0010	
99.0000	0.0000	0.0000	0.0000	0.0000	0.0000	0.0000	0.0000	0.0000	0.0000	
4.2500	0.4760	0.5000	0.0800	0.0290	0.0100	0.0100	0.0100	0.0100	0.0010	


z_max	15908.8407
r	3
e	2
